SM:2026-04-17T19:08:04.4244220Z
LM:2026-04-17T19:08:05.1648187Z
CT:image/png
MA:604800
CL:82578
