SM:2026-04-17T19:42:16.5719633Z
LM:2026-04-21T14:05:48.4918807Z
CT:image/png
MA:604800
CL:82578
