SM:2026-04-17T19:42:16.5729670Z
LM:2026-04-21T14:05:48.4030436Z
CT:image/jpeg
MA:604800
CL:6769
