SM:2026-04-17T19:08:11.8085413Z
LM:2026-04-17T19:08:12.0247134Z
CT:image/jpeg
MA:604800
CL:6769
